-0.0083150452543187883 -0.0083150452543187883 -0.0083150452543187883 -0.0083150452543187883 -0.0083150452543187883 0.0 0.0 0.0 0.0 0.0 0.0 0.0 0.0 0.0 0.0 0.0 0.0 0.0 0.0 0.0 0.0 0.0 0.0 0.0 0.0 0.0 0.0 0.0 0.0 0.0 0.0 0.0 0.0 0.0 0.0 0.0 0.0 0.0 0.0 0.0 0.0 0.0 0.0 0.0 0.0 0.0 0.0 0.0 0.0 0.0 
-0.0083150452543187883 -0.0083150452543187883 -0.0083150452543187883 -0.0083150452543187883 -0.0083150452543187883 0.0 0.0 0.0 0.0 0.0 0.0 0.0 0.0 0.0 0.0 0.0 0.0 0.0 0.0 0.0 0.0 0.0 0.0 0.0 0.0 0.0 0.0 0.0 0.0 0.0 0.0 0.0 0.0 0.0 0.0 0.0 0.0 0.0 0.0 0.0 0.0 0.0 0.0 0.0 0.0 0.0 0.0 0.0 0.0 0.0 
-0.0083150452543187883 -0.0083150452543187883 -0.0083150452543187883 -0.0083150452543187883 -0.0083150452543187883 0.0 0.0 0.0 0.0 0.0 0.0 0.0 0.0 0.0 0.0 0.0 0.0 0.0 0.0 0.0 0.0 0.0 0.0 0.0 0.0 0.0 0.0 0.0 0.0 0.0 0.0 0.0 0.0 0.0 0.0 0.0 0.0 0.0 0.0 0.0 0.0 0.0 0.0 0.0 0.0 0.0 0.0 0.0 0.0 0.0 
-0.0083150452543187883 -0.0083150452543187883 -0.0083150452543187883 -0.0083150452543187883 -0.0083150452543187883 0.0 0.0 0.0 0.0 0.0 0.0 0.0 0.0 0.0 0.0 0.0 0.0 0.0 0.0 0.0 0.0 0.0 0.0 0.0 0.0 0.0 0.0 0.0 0.0 0.0 0.0 0.0 0.0 0.0 0.0 0.0 0.0 0.0 0.0 0.0 0.0 0.0 0.0 0.0 0.0 0.0 0.0 0.0 0.0 0.0 
-0.0083150452543187883 -0.0083150452543187883 -0.0083150452543187883 -0.0083150452543187883 -0.0083150452543187883 0.0 0.0 0.0 0.0 0.0 0.0 0.0 0.0 0.0 0.0 0.0 0.0 0.0 0.0 0.0 0.0 0.0 0.0 0.0 0.0 0.0 0.0 0.0 0.0 0.0 0.0 0.0 0.0 0.0 0.0 0.0 0.0 0.0 0.0 0.0 0.0 0.0 0.0 0.0 -0.0087487086557008625 -0.0087487086557008625 -0.0087487086557008625 -0.0087487086557008625 -0.0087487086557008625 0.0 
0.0 0.0 0.0 0.0 0.0 0.0 0.0 0.0 0.0 0.0 0.0 0.0 0.0 0.0 0.0 0.0 0.0 0.0 0.0 0.0 0.0 0.0 0.0 0.0 0.0 0.0 0.0 0.0 0.0 0.0 0.0 0.0 0.0 0.0 0.0 0.0 0.0 0.0 0.0 0.0 0.0 0.0 0.0 0.0 -0.0087487086557008625 -0.015389472543374893 -0.015389472543374893 -0.015389472543374893 -0.015389472543374893 -0.0066407638876740307 
0.0 0.0 0.0 0.0 0.0 0.0 0.0 0.0 0.0 0.0 0.0 0.0 0.0 0.0 0.0 0.0 0.0 0.0 0.0 0.0 0.0 0.0 0.0 0.0 0.0 0.0 0.0 0.0 0.0 0.0 0.0 0.0 0.0 0.0 0.0 0.0 0.0 0.0 0.0 0.0 0.0 0.0 0.0 0.0 -0.0087487086557008625 -0.015389472543374893 -0.023604886957440757 -0.023604886957440757 -0.023604886957440757 -0.014856178301739896 
0.0 0.0 0.0 0.0 0.0 0.0 0.0 0.0 0.0 0.0 0.0 0.0 0.0 0.0 0.0 0.0 0.0 0.0 0.0 0.0 0.0 0.0 0.0 0.0 0.0 0.0 0.0 0.0 0.0 0.0 0.0 0.0 0.0 0.0 0.0 0.0 0.0 0.0 0.0 0.0 0.0 0.0 -0.0084247159509728466 -0.0084247159509728466 -0.017173424606673711 -0.02381418849434774 -0.032029602908413606 -0.031924293959026448 -0.031924293959026448 -0.023175585303325582 
0.0 0.0 0.0 0.0 0.0 0.0 0.0 0.0 0.0 0.0 0.0 0.0 0.0 0.0 0.0 0.0 0.0 0.0 0.0 0.0 0.0 0.0 0.0 0.0 0.0 0.0 0.0 0.0 0.0 0.0 0.0 0.0 0.0 0.0 0.0 0.0 0.0 0.0 0.0 0.0 0.0 0.0 -0.0084247159509728466 -0.016956073876008639 -0.025704782531709505 -0.032345546419383531 -0.0405609608334494 -0.040455651884062235 -0.031924293959026448 -0.023175585303325582 
0.0 0.0 0.0 0.0 0.0 0.0 0.0 0.0 0.0 0.0 0.0 0.0 0.0 0.0 0.0 0.0 0.0 0.0 0.0 0.0 0.0 0.0 0.0 0.0 0.0 0.0 0.0 0.0 0.0 0.0 0.0 0.0 0.0 0.0 0.0 0.0 0.0 0.0 0.0 0.0 0.0 0.0 -0.0084247159509728466 -0.016956073876008639 -0.025595423673513244 -0.03223618756118727 -0.040451601975253132 -0.040346293025865981 -0.03181493510083018 -0.023175585303325582 
0.0 0.0 0.0 0.0 0.0 0.0 0.0 0.0 0.0 0.0 0.0 0.0 0.0 0.0 0.0 0.0 0.0 0.0 0.0 0.0 0.0 0.0 0.0 0.0 0.0 0.0 0.0 0.0 0.0 0.0 0.0 0.0 0.0 0.0 0.0 0.0 0.0 0.0 0.0 0.0 0.0 0.0 -0.0084247159509728466 -0.016956073876008639 -0.025595423673513244 -0.035207469106235234 -0.043422883520301103 -0.043317574570913939 -0.034786216645878151 -0.026146866848373546 
0.0 0.0 0.0 0.0 0.0 0.0 0.0 0.0 0.0 0.0 0.0 0.0 0.0 0.0 0.0 0.0 0.0 0.0 0.0 0.0 0.0 0.0 0.0 0.0 0.0 0.0 0.0 0.0 0.0 0.0 0.0 0.0 0.0 0.0 0.0 0.0 0.0 0.0 0.0 0.0 0.0 0.0 -0.0084247159509728466 -0.016956073876008639 -0.025595423673513244 -0.035207469106235234 -0.042918052577206614 -0.04281274362781945 -0.034281385702783662 -0.025642035905279057 
0.0 0.0 0.0 0.0 0.0 0.0 0.0 0.0 0.0 0.0 0.0 0.0 0.0 0.0 0.0 0.0 0.0 0.0 0.0 0.0 0.0 0.0 0.0 0.0 0.0 0.0 0.0 0.0 0.0 0.0 0.0 0.0 0.0 0.0 0.0 0.0 0.0 0.0 0.0 0.0 0.0 0.0 -0.0079070235882417583 -0.016438381513277551 -0.025077731310782156 -0.034689776743504146 -0.042400360214475526 -0.042301522419622505 -0.03377016449458671 -0.025130814697082105 
0.0 0.0 0.0 0.0 0.0 0.0 0.0 0.0 0.0 0.0 0.0 0.0 0.0 0.0 0.0 0.0 0.0 0.0 0.0 0.0 0.0 0.0 0.0 0.0 0.0 0.0 0.0 0.0 0.0 0.0 0.0 0.0 0.0 0.0 0.0 0.0 0.0 0.0 -0.00173074083279287 -0.00173074083279287 -0.00173074083279287 -0.00173074083279287 -0.0096377644210346274 -0.015914136082663791 -0.024553485880168396 -0.034165531312890386 -0.041876114783861766 -0.041777276989008745 -0.03377016449458671 -0.025130814697082105 
0.0 0.0 0.0 0.0 0.0 0.0 0.0 0.0 0.0 0.0 0.0 0.0 0.0 0.0 0.0082408575791496248 0.0082408575791496248 0.0082408575791496248 0.0082408575791496248 0.0082408575791496248 0.0 0.0 0.0 0.0 0.0 0.0 0.0 0.0 0.0 0.0 0.0044384717953910432 0.0044384717953910432 0.0044384717953910432 0.0044384717953910432 0.0044384717953910432 0.0043829908979486553 0.0043829908979486553 0.0043829908979486553 0.0043829908979486553 0.0026522500651557854 -0.0052582241516721051 -0.0052582241516721051 -0.0052582241516721051 -0.013165247739913864 -0.019441619401543028 -0.032233711620085405 -0.041845757052807395 -0.049556340523778775 -0.049457502728925753 -0.041450390234503719 -0.025130814697082105 
0.0 0.0 0.0 0.0 0.0 0.0 0.0 0.0 0.0 0.0 0.0 0.0 0.0 0.0 0.0082408575791496248 0.011850671834493114 0.011850671834493114 0.011850671834493114 0.011850671834493114 0.0036098142553434897 0.0 0.0 0.0 0.0 0.0 -0.0041564996041040993 -0.0041564996041040993 -0.0041564996041040993 -0.0041564996041040993 0.00028197219128694388 -0.0010113795759447465 -0.0010113795759447465 -0.0010113795759447465 -0.0010113795759447465 -0.0010668604733871344 0.0043829908979486553 0.0043829908979486553 0.0043829908979486553 0.0026522500651557854 -0.0052582241516721051 -0.011038674123862325 -0.011038674123862325 -0.018945697712104081 -0.025222069373733245 -0.038014161592275622 -0.032233711620085405 -0.039944295091056785 -0.039845457296203764 -0.031838344801781722 -0.015518769264360114 
0.0 0.0 0.0 0.0 0.0 0.0 0.0 0.0 0.0 0.0 0.0 0.0 0.0 0.0 0.0082408575791496248 0.011850671834493114 0.017801667501677686 0.017801667501677686 0.017801667501677686 0.0095608099225280643 0.0059509956671845738 0.0 0.0 0.0 0.0 -0.0041564996041040993 0.0028572384805156427 0.0028572384805156427 0.0028572384805156427 0.0072957102759066859 0.0060023585086749955 0.003156536695963527 0.003156536695963527 0.003156536695963527 0.0031010557985211391 0.0085509071698569288 0.0043829908979486553 0.0043829908979486553 0.0026522500651557854 -0.0052582241516721051 -0.011038674123862325 -0.012705320079837646 -0.020612343668079403 -0.026888715329708567 -0.039680807548250943 -0.033900357576060726 -0.032233711620085405 -0.032134873825232384 -0.024127761330810345 -0.0078081857933887363 
0.0 0.0 0.0 0.0 0.0 0.0 0.0 -0.003984888378086855 -0.003984888378086855 -0.003984888378086855 -0.003984888378086855 -0.003984888378086855 0.0041932598175006205 0.0041932598175006205 0.012434117396650245 0.016043931651993734 0.021994927319178306 0.02573733972817447 0.02573733972817447 0.017496482149024842 0.013886667893681355 0.0079356722264967809 0.0 0.0 0.0 -0.0041564996041040993 0.0028572384805156427 0.017152182950370333 0.017152182950370333 0.021590654745761377 0.020297302978529684 0.017451481165818215 0.011651312369521168 0.011651312369521168 0.01159583147207878 0.01704568284341457 0.012877766571506296 0.0043829908979486553 0.0026522500651557854 -0.0052582241516721051 -0.011038674123862325 -0.012705320079837646 -0.016102169392448778 -0.022378541054077938 -0.035170633272620315 -0.029390183300430098 -0.027723537344454777 -0.024326688031843645 -0.01631957553742161 0.0 
0.0 0.0 0.0 0.0 0.0 0.0 0.0 -0.003984888378086855 -0.0080202183812127827 -0.0080202183812127827 -0.0080202183812127827 -0.0080202183812127827 0.00015792981437469204 0.010373115329130536 0.018613972908280159 0.022223787163623651 0.028174782830808223 0.031917195239804387 0.02573733972817447 0.017496482149024842 0.013886667893681355 0.0079356722264967809 0.0 0.0 0.0 -0.0041564996041040993 0.0028572384805156427 0.017152182950370333 0.024435651193907469 0.028874122989298513 0.02758077122206682 0.024734949409355354 0.018934780613058307 0.015979515881245465 0.015924034983803077 0.021373886355138871 0.017205970083230597 0.0087111944096729538 0.0043829908979486553 -0.0035274833188792352 -0.0093079332910694541 -0.010974579247044775 -0.014371428559655907 -0.014371428559655907 -0.02716352077819828 -0.021383070806008063 -0.019716424850032742 -0.01631957553742161 -0.01631957553742161 0.0 
0.0 0.0 0.0 0.0 -0.0082245469699986883 -0.0082245469699986883 -0.0082245469699986883 -0.012209435348085544 -0.016244765351211471 -0.0080202183812127827 -0.0080202183812127827 -0.0080202183812127827 0.00015792981437469204 0.010373115329130536 0.014727637033418265 0.018337451288761752 0.024288446955946327 0.028030859364942484 0.021851003853312574 0.017496482149024842 0.013886667893681355 0.0079356722264967809 0.0 0.0 0.014844690924177603 0.010688191320073502 0.017701929404693242 0.031996873874547929 0.039280342118085072 0.024435651193907469 0.023142299426675776 0.02029647761396431 0.014496308817667263 0.011541044085854421 0.011541044085854421 0.016990895457190212 0.012822979185281939 0.0043282035117242976 0.0 0.0 -0.005780449972190219 -0.0074470959281655391 -0.01084394524077667 -0.01084394524077667 -0.01084394524077667 -0.0050634952685864511 -0.003396849312611131 0.0 0.0 0.0 
0.0 0.0 0.0 0.0 -0.0082245469699986883 -0.017432968863494058 -0.017432968863494058 -0.021417857241580913 -0.025453187244706844 -0.017228640274708152 -0.0080202183812127827 -0.0080202183812127827 0.00015792981437469204 0.010373115329130536 0.014727637033418265 0.014727637033418265 0.020678632700602839 0.024421045109598999 0.018241189597969082 0.013886667893681355 0.018085496689681485 0.01213450102249691 0.0041988287960001277 0.0041988287960001277 0.019043519720177732 0.022408262448318728 0.029422000532938468 0.043716945002793155 0.051000413246330298 0.036155722322152695 0.02859215079801157 0.025746328985300104 0.019946160189003054 0.016990895457190212 0.016990895457190212 0.016990895457190212 0.012822979185281939 0.0043282035117242976 0.0 0.0 0.0 -0.0016666459559753202 -0.0050634952685864511 -0.0050634952685864511 -0.0050634952685864511 -0.0050634952685864511 -0.003396849312611131 0.0 0.0 0.0 
0.0 0.0 0.0 0.0 -0.0082245469699986883 -0.017432968863494058 -0.021318857670937816 -0.025303746049024672 -0.029339076052150602 -0.02111452908215191 -0.011906107188656541 -0.0080202183812127827 0.00015792981437469204 0.010373115329130536 0.014727637033418265 0.014727637033418265 0.016984413130555744 0.0207268255395519 0.014546970027921989 0.01019244832363426 0.014391277119634388 0.01213450102249691 0.0041988287960001277 0.0041988287960001277 0.019043519720177732 0.022408262448318728 0.022408262448318728 0.036703206918173414 0.043986675161710558 0.029141984237532954 0.02157841271339183 0.02157841271339183 0.015778243917094779 0.012822979185281939 0.012822979185281939 0.012822979185281939 0.012822979185281939 0.0043282035117242976 0.0 0.0 0.0 0.0 -0.003396849312611131 -0.003396849312611131 -0.003396849312611131 -0.003396849312611131 -0.003396849312611131 0.0 0.0 0.0 
0.0 0.0 0.0 0.0 -0.0082245469699986883 -0.017432968863494058 -0.021318857670937816 -0.025253934944298586 -0.029289264947424516 -0.021064717977425824 -0.011856296083930455 -0.0079704072764866969 -0.0040353300031259285 0.0061798555116299152 0.010534377215917644 0.010534377215917644 0.012791153313055123 0.015141905764727261 0.0089620502530973443 0.0046075285488096154 0.008806357344809744 0.0065495812476722651 0.0041988287960001277 0.0041988287960001277 0.019043519720177732 0.022408262448318728 0.022408262448318728 0.022408262448318728 0.029691730691855867 0.014847039767678264 0.0072834682435371396 0.0072834682435371396 0.0072834682435371396 0.0043282035117242976 0.0043282035117242976 0.0043282035117242976 0.0043282035117242976 0.0043282035117242976 0.0 0.0 0.0 0.0 0.0 0.0 0.0 0.0 0.0 0.0 0.0 0.0 
0.0 0.0 0.0 0.0 -0.0082245469699986883 -0.017432968863494058 -0.021318857670937816 -0.025253934944298586 -0.025253934944298586 -0.017029387974299898 -0.0078209660808045284 -0.0039350772733607693 0.0 0.0 0.0043545217042877289 0.0043545217042877289 0.0066112978014252078 0.0089620502530973443 0.010159790535774017 0.0058052688314862875 0.010004097627486415 0.0077473215303489364 0.0053965690786767998 0.0041988287960001277 0.019043519720177732 0.022408262448318728 0.022408262448318728 0.022408262448318728 0.022408262448318728 0.0075635715241411236 0.0 0.0 0.0 0.0 0.0 0.0 0.0 0.0 0.0 0.0 0.0 0.0 0.0 0.0 0.0 0.0 0.0 0.0 0.0 0.0 
0.0 0.0 0.0 0.0 0.0 -0.0092084218934953693 -0.013094310700939128 -0.017029387974299898 -0.017029387974299898 -0.017029387974299898 -0.0078209660808045284 -0.0039350772733607693 0.0 0.0 0.0 0.0 0.0022567760971374785 0.0046075285488096154 0.0058052688314862875 0.0082464251198450869 0.012445253915845217 0.010188477818707738 0.0078377253670356001 0.0066399850843589271 0.0041988287960001277 0.0075635715241411236 0.0075635715241411236 0.0075635715241411236 0.0075635715241411236 0.0075635715241411236 0.0 0.0 0.0 0.0 0.0 0.0 0.0 0.0 0.0 0.0 0.0 0.0 0.0 0.0 0.0 0.0 0.0 0.0 0.0 0.0 
-0.0017973006321811244 -0.0017973006321811244 -0.0017973006321811244 -0.0017973006321811244 -0.0017973006321811244 0.0 -0.0038858888074437591 -0.0078209660808045284 -0.0078209660808045284 -0.0078209660808045284 -0.0078209660808045284 -0.0039350772733607693 0.0 0.0 0.0 0.0024336933057283968 0.0046904694028658753 0.0070412218545380136 0.0082389621372146848 0.010680118425573485 0.0094902273844335999 0.007233451287296121 0.0048826988356239845 0.0036849585529473124 0.0012438022645885132 0.0 0.0 0.0 0.0 0.0 0.0 0.0 0.0 0.0 0.0 0.0 0.0 0.0 0.0 0.0 0.0 0.0 0.0 0.0 0.0 0.0 0.0 0.0 0.0 0.0 
-0.0017973006321811244 0.0049739664463942521 0.0049739664463942521 0.0049739664463942521 0.0049739664463942521 0.0067712670785753763 0.0 -0.0039350772733607693 -0.0039350772733607693 -0.0039350772733607693 -0.0039350772733607693 -0.0039350772733607693 0.0 0.0 0.0 0.0024336933057283968 0.0013303013320882303 0.0036810537837603683 0.0048787940664370396 0.0073199503547958398 0.0061300593136559547 0.007233451287296121 0.0048826988356239845 0.0036849585529473124 0.0012438022645885132 0.0 0.0 0.0 0.0 0.0 0.0 0.0 0.0 0.0 0.0 0.0 -0.0036935945053976496 -0.0036935945053976496 -0.0036935945053976496 -0.0036935945053976496 -0.0036935945053976496 0.0 0.0 0.0 0.0 0.0 0.0 0.0 0.0 0.0 
0.01200345521455478 0.018774722293130156 0.0049739664463942521 0.0049739664463942521 0.0049739664463942521 0.0067712670785753763 0.0 0.0 0.0 0.0 0.0 0.0 0.0 0.0 0.0 0.0024336933057283968 0.0013303013320882303 0.0013303013320882303 0.0025280416147649021 0.0049691979031237024 0.0037793068619838182 0.0048826988356239845 0.0048826988356239845 0.0036849585529473124 0.0012438022645885132 0.0 0.0 0.0 0.0 0.0 0.0 0.0 -0.0037876950544055371 -0.0037876950544055371 -0.0037876950544055371 -0.0037876950544055371 -0.0074812895598031868 -0.0074339433716231178 -0.0074339433716231178 -0.0074339433716231178 -0.0074339433716231178 -0.0037403488662254682 0.0 0.0 0.0 0.0 0.0 0.0 0.0 0.0 
0.019035127646615111 0.025806394725190487 0.012005638878454582 0.0049739664463942521 0.0049739664463942521 0.0067712670785753763 0.0 0.0 0.0 0.0 0.0 0.0 0.0 0.0 0.0 0.0024336933057283968 0.0013303013320882303 0.0013303013320882303 0.0013303013320882303 0.0037714576204470303 0.0025815665793071461 0.0036849585529473124 0.0036849585529473124 0.0036849585529473124 0.0012438022645885132 0.0 0.0 0.0 0.0 0.0 0.0 0.0 -0.0037876950544055371 -0.0076233356158288655 -0.0076233356158288655 -0.0076233356158288655 -0.011316930121226514 -0.011269583933046445 -0.0086829114789663559 -0.0086829114789663559 -0.0086829114789663559 -0.0049893169735687063 -0.0012489681073432381 0.0 0.0 0.0 0.0 0.0 0.0 0.0 
0.033366624736153233 0.040137891814728613 0.026337135967992701 0.01930546353593237 0.0049739664463942521 0.0067712670785753763 0.0 0.0 0.0 0.0 0.0 0.0 0.0 0.0 0.0 0.0024336933057283968 0.0013303013320882303 0.0013303013320882303 0.0013303013320882303 0.0013303013320882303 0.00014041029094834668 0.0012438022645885132 0.0012438022645885132 0.0012438022645885132 0.0012438022645885132 0.0 0.0 0.0 0.0 0.0 0.0 0.0 -0.0037876950544055371 -0.0076233356158288655 -0.016721676238854257 -0.016721676238854257 -0.020415270744251906 -0.020367924556071837 -0.017781252101991746 -0.0099476893091873554 -0.0099476893091873554 -0.0062540948037897066 -0.0025137459375642389 -0.0012647778302210008 0.0 0.0 0.0 0.0 0.0 0.0 
0.042466017667756692 0.049237284746332072 0.035436528899596156 0.028404856467535829 0.01407335937799771 0.0067712670785753763 0.0 0.0 0.0 0.0 0.0 0.0 0.0 0.0 0.0 0.0 -0.0011033919736401665 -0.0011033919736401665 -0.0011033919736401665 -0.0011033919736401665 -0.0011033919736401665 0.0 0.0 0.0 0.0 0.0 0.0 0.0 0.0 0.0 0.0 0.0 -0.0037876950544055371 -0.0076233356158288655 -0.016721676238854257 -0.018890251777085653 -0.022583846282483302 -0.022536500094303233 -0.019949827640223142 -0.012116264847418751 -0.0099476893091873554 -0.0062540948037897066 -0.0025137459375642389 -0.0012647778302210008 0.0 0.0 0.0 0.0 0.0 0.0 
0.042466017667756692 0.042466017667756692 0.028665261821020784 0.021633589388960452 0.0073020922994223346 0.0 0.0 0.0 0.0 0.0 0.0 0.0 0.0 0.0 0.0 0.0 0.0 0.0 0.0 0.0 0.0 0.0 0.0 0.0 0.0 0.0 0.0 0.0 0.0 0.0 0.0 0.0 -0.0037876950544055371 -0.0076233356158288655 -0.016721676238854257 -0.018890251777085653 -0.020092966594813001 -0.020045620406632932 -0.017458947952552841 -0.0096253851597484525 -0.0074568096215170557 -0.0062540948037897066 -0.0025137459375642389 -0.0012647778302210008 0.0 0.0 0.0 0.0 0.0 0.0 
0.028665261821020784 0.028665261821020784 0.028665261821020784 0.021633589388960452 0.0073020922994223346 0.0 0.0 0.0 0.0 0.0 0.0 0.0 0.0 0.0 0.0 0.0 0.0 0.0 0.0 0.0 0.0 0.0 0.0 0.0 0.0 0.0 0.0 0.0 0.0 0.0 0.0 0.0 -0.010147169155618866 -0.013982809717042195 -0.023081150340067587 -0.025249725878298983 -0.026452440696026331 -0.01875656660233534 -0.016169894148255252 -0.0083363313554508621 -0.0061677558172194653 -0.0049650409994921162 -0.0025137459375642389 -0.0012647778302210008 0.0 0.0 0.0 0.0 0.0 0.0 
0.021633589388960452 0.021633589388960452 0.021633589388960452 0.021633589388960452 0.0073020922994223346 0.0 0.0 0.0 0.0 0.0 0.0 0.0 0.0 0.0 0.0 0.0 0.0 0.0 0.0 0.0 0.0 0.0 0.0 0.0 0.0 0.0 0.0 0.0 0.0 0.0 0.0 0.0 -0.010147169155618866 -0.020422783490422779 -0.029521124113448174 -0.031689699651679573 -0.032892414469406925 -0.02519654037571593 -0.014920926040912014 -0.0070873632481076232 -0.0049187877098762272 -0.0037160728921488782 -0.0012647778302210008 -0.0012647778302210008 0.0 0.0 0.0 0.0 0.0 0.0 
0.0073020922994223346 0.0073020922994223346 0.0073020922994223346 0.0073020922994223346 0.0073020922994223346 0.0 0.0 0.0 0.0 0.0 0.0 0.0 0.0 0.0 0.0 0.0 0.0 0.0 0.0 0.0 0.0 0.0 0.0 0.0 0.0 0.0 0.0 0.0 0.0 -0.020943088341404549 -0.020943088341404549 -0.020943088341404549 -0.031090257497023415 -0.041365871831827328 -0.020422783490422779 -0.022591359028654175 -0.023794073846381523 -0.016098199752690535 -0.0058225854178866219 -0.0063231030492125412 -0.0041545275109811462 -0.0029518126932537967 -0.0005005176313259193 -0.0005005176313259193 0.0 0.0 0.0 0.0 0.0 0.0 
0.0 0.0 0.0 0.0 0.0 0.0 0.0 0.0 0.0 0.0 0.0 0.0 0.0 0.0 0.0 -0.0088594518032413788 -0.0088594518032413788 -0.0088594518032413788 -0.0088594518032413788 -0.0088594518032413788 0.0 0.0 0.0 0.0 0.0 0.0 0.0 0.0 0.0 -0.020943088341404549 -0.031868896654872823 -0.031868896654872823 -0.042016065810491693 -0.052291680145295602 -0.03134859180389106 -0.021867695058629448 -0.023070409876356796 -0.015374535782665809 -0.0050989214478618953 -0.0055994390791878146 -0.0041545275109811462 -0.0029518126932537967 -0.0005005176313259193 -0.0005005176313259193 0.0 0.0 0.0 0.0 0.0 0.0 
0.0 0.0 0.0 0.0 0.0 0.0 0.0 0.0 0.0 0.0 0.0 -0.0038543430810383198 -0.0038543430810383198 -0.0038543430810383198 -0.0038543430810383198 -0.012713794884279699 -0.0088594518032413788 -0.0088594518032413788 -0.0088594518032413788 -0.0088594518032413788 0.0 0.0 0.0 0.0 0.0 0.0 0.0 0.0 0.0 -0.020943088341404549 -0.031868896654872823 -0.041763972076781786 -0.051911141232400648 -0.062186755567204557 -0.041243667225800015 -0.03176277048053841 -0.022104176881712522 -0.014408302788021531 -0.0041326884532176186 -0.0046332060845435379 -0.0031882945163368695 -0.0029518126932537967 -0.0005005176313259193 -0.0005005176313259193 0.0 0.0 0.0 0.0 0.0 0.0 
0.0 0.0 0.0 0.0 0.0 0.0 0.0 0.0 0.0 0.0 0.0 -0.0038543430810383198 -0.011710014286102801 -0.011710014286102801 -0.011710014286102801 -0.020569466089344179 -0.016715123008305861 -0.0088594518032413788 -0.0088594518032413788 -0.0088594518032413788 0.0 0.0 -0.0098623525783304074 -0.0098623525783304074 -0.0098623525783304074 -0.0098623525783304074 -0.0098623525783304074 -0.0094565265623465442 -0.0094565265623465442 -0.030399614903751093 -0.041325423217219368 -0.051220498639128323 -0.051784301617955414 -0.062059915952759323 -0.041116827611354781 -0.031635930866093176 -0.021977337267267288 -0.012438989586311037 -0.0021633752515071237 -0.0026638928828330434 -0.0012189813146263747 -0.0009824994915433019 -0.0005005176313259193 -0.0005005176313259193 0.0 0.0 0.0 0.0 0.0 0.0 
0.0 0.0 0.0 0.0 0.0 0.0 0.0 0.0 0.0 0.0 0.0 -0.0038543430810383198 -0.011710014286102801 -0.015712585396079129 -0.015712585396079129 -0.024572037199320509 -0.020717694118282191 -0.012862022913217709 -0.0088594518032413788 -0.0088594518032413788 0.0 0.0 -0.0098623525783304074 -0.019849545062715628 -0.019849545062715628 -0.019849545062715628 -0.019849545062715628 -0.019443719046731766 -0.019032755992570892 -0.039975844333975441 -0.050901652647443715 -0.060796728069352671 -0.061360531048179762 -0.051784301617955414 -0.030841213276550861 -0.021360316531289256 -0.01170172293246337 -0.0021633752515071237 -0.0024089515515939995 -0.0029094691829199193 -0.0014645576147132506 -0.0012280757916301778 -0.00074609393141279517 -0.0005005176313259193 0.0 0.0 0.0 0.0 0.0 0.0 
0.0 0.0 0.0 0.0 0.0 0.0 0.0 0.0 0.0 0.0 0.0 -0.0038543430810383198 -0.011710014286102801 -0.015712585396079129 -0.023870365322196566 -0.032729817125437946 -0.028875474044399628 -0.021019802839335147 -0.017017231729358817 -0.0088594518032413788 0.0 0.0 -0.0098623525783304074 -0.019849545062715628 -0.040204790760741592 -0.040204790760741592 -0.040204790760741592 -0.039798964744757734 -0.039388001690596856 -0.038550403541433853 -0.049476211854902127 -0.059371287276811083 -0.059935090255638174 -0.050358860825413826 -0.040689633088457702 -0.031208736343196094 -0.021550142744370209 -0.012011795063413959 -0.012257371363500835 0.0018226517702592572 0.0032675633384659252 0.003504045161548998 0.0039860270217663809 0.0042316033218532572 0.0 0.0 0.0 0.0 0.0 0.0 
0.0 0.0 0.0 0.0 0.0 0.0 0.0 0.0 0.0 0.0 0.0 -0.0038543430810383198 -0.011710014286102801 -0.015712585396079129 -0.023870365322196566 -0.028026864926300667 -0.024172521845262349 -0.016316850640197868 -0.012314279530221536 -0.0041564996041040993 0.0044946549826744746 0.0044946549826744746 -0.0053676975956559328 -0.015354890080041154 -0.035710135778067115 -0.050576064741106701 -0.050576064741106701 -0.050170238725122836 -0.049759275670961965 -0.048921677521798962 -0.059898433335235486 -0.069793508757144448 -0.070357311735971526 -0.060781082305747178 -0.051111854568791054 -0.029763824774989425 -0.02010523117616354 -0.010566883495207289 -0.010812459795294166 0.0032675633384659252 0.0075527312593299837 0.0077892130824130561 0.0082711949426304381 0.0085167712427173144 0.0042851679208640572 0.0 0.0 0.0 0.0 0.0 
0.0 0.0 0.0 0.0 0.0 0.0 0.0 0.0 0.0 0.0 0.0 0.0 -0.0078556712050644809 -0.011858242315040811 -0.020016022241158248 -0.024172521845262349 -0.024172521845262349 -0.016316850640197868 -0.012314279530221536 -0.0041564996041040993 0.0044946549826744746 -0.005122679773788036 -0.014985032352118444 -0.024972224836503666 -0.045327470534529624 -0.06019339949756921 -0.059797655721669951 -0.059391829705686086 -0.058980866651525216 -0.058143268502362212 -0.069120024315798737 -0.06455156066950643 -0.065115363648333507 -0.05553913421810916 -0.045869906481153036 -0.024521876687351406 -0.019868749353080466 -0.010330401672124217 -0.010575977972211093 0.003504045161548998 0.0077892130824130561 0.011762870943600257 0.012244852803817638 0.012490429103904514 0.008258825782051258 0.0039736578611872008 0.0 0.0 0.0 0.0 
0.0 0.0 0.0 0.0 0.0 0.0 0.0 0.0 0.0 0.0 0.0 0.0 0.0 -0.00400257110997633 -0.012160351036093767 -0.016316850640197868 -0.016316850640197868 -0.016316850640197868 -0.012314279530221536 -0.0041564996041040993 0.0044946549826744746 -0.005122679773788036 -0.014861752944889315 -0.024848945429274537 -0.045204191127300494 -0.06007012009034008 -0.059674376314440822 -0.059273623123656756 -0.058862660069495885 -0.058025061920332882 -0.069001817733769399 -0.064433354087477093 -0.064578735387712097 -0.055002505957487749 -0.045333278220531625 -0.023985248426729985 -0.019332121092459045 -0.009848419811906834 -0.01009399611199371 0.0039860270217663809 0.0082711949426304381 0.012244852803817638 0.020343703628092787 0.020589279928179664 0.016357676606326407 0.012072508685462349 0.0080988508242751493 0.0 0.0 0.0 
0.0 0.0 0.0 0.0 0.0 0.0 0.0 0.0 0.0 0.0 0.0 0.0 0.0 0.0 -0.0081577799261174366 -0.012314279530221536 -0.012314279530221536 -0.012314279530221536 -0.012314279530221536 -0.0041564996041040993 0.0044946549826744746 -0.005122679773788036 -0.014861752944889315 -0.014861752944889315 -0.035216998642915276 -0.050082927605954862 -0.049687183830055603 -0.049286430639271538 -0.049286430639271538 -0.048448832490108534 -0.059425588303545059 -0.054857124657252745 -0.055002505957487749 -0.059834580489414681 -0.050165352752458557 -0.028817322958656914 -0.024164195624385973 -0.014680494343833762 -0.009848419811906834 0.0042316033218532572 0.0085167712427173144 0.012490429103904514 0.020589279928179664 0.024715754355005625 0.020484151033152372 0.016198983112288314 0.012225325251101113 0.004126474426825965 0.0 0.0 
0.0 0.0 0.0 0.0 0.0 0.0 0.0 0.0 0.0 0.0 0.0 0.0 0.0 0.0 0.0 -0.0041564996041040993 -0.0041564996041040993 -0.0041564996041040993 -0.0041564996041040993 -0.0041564996041040993 0.0044946549826744746 -0.005122679773788036 -0.014861752944889315 -0.014861752944889315 -0.014861752944889315 -0.029727681907928898 -0.029331938132029639 -0.028931184941245573 -0.028931184941245573 -0.028931184941245573 -0.039907940754682097 -0.035339477108389784 -0.035484858408624788 -0.040316932940551713 -0.040316932940551713 -0.018968903146750083 -0.014315775812479142 -0.0048320745319269292 0.0 0.0 0.0042851679208640572 0.008258825782051258 0.016357676606326407 0.020484151033152372 0.024662859313482461 0.020377691392618403 0.016404033531431203 0.0083051827071560572 0.0041787082803300913 0.0 
0.0 0.0 0.0 0.0 0.0 0.0 0.0 0.0 0.0 0.0 0.0 0.0 0.0 0.0 0.0 0.0 0.0 0.0 0.0 0.0 0.0 -0.0096173347564625106 -0.019356407927563789 -0.019356407927563789 -0.019356407927563789 -0.019356407927563789 -0.018960664151664527 -0.018559910960880461 -0.018559910960880461 -0.018559910960880461 -0.018559910960880461 -0.013991447314588151 -0.014136828614823151 -0.018968903146750083 -0.018968903146750083 -0.018968903146750083 -0.014315775812479142 -0.0048320745319269292 0.0 0.0 0.0 0.0039736578611872008 0.012072508685462349 0.016198983112288314 0.020377691392618403 0.020377691392618403 0.016404033531431203 0.0083051827071560572 0.0041787082803300913 0.0 
0.0 0.0 0.0 0.0 0.0 0.0 0.0 0.0 0.0 0.0 0.0 0.0 0.0 0.0 0.0 0.0 0.0 0.0 0.0 0.0 0.0 0.0 -0.0097390731711012781 -0.0097390731711012781 -0.0097390731711012781 -0.0097390731711012781 -0.0097390731711012781 -0.0093383199803172123 -0.0093383199803172123 -0.0093383199803172123 -0.0093383199803172123 -0.0093383199803172123 -0.0094837012805522123 -0.014315775812479142 -0.014315775812479142 -0.014315775812479142 -0.014315775812479142 -0.0048320745319269292 0.0 0.0 0.0 0.0 0.0080988508242751493 0.012225325251101113 0.016404033531431203 0.016404033531431203 0.016404033531431203 0.0083051827071560572 0.0041787082803300913 0.0 
0.0 0.0 0.0 0.0 0.0 0.0 0.0 0.0 0.0 0.0 0.0 0.0 0.0 0.0 0.0 0.0 0.0 0.0 0.0 0.0 0.0 0.0 0.0 0.0 0.0 0.0 0.0 0.0 0.0 0.0 0.0 0.0 0.0 -0.0048320745319269292 -0.0048320745319269292 -0.0048320745319269292 -0.0048320745319269292 -0.0048320745319269292 0.0 0.0 0.0 0.0 0.0 0.004126474426825965 0.0083051827071560572 0.0083051827071560572 0.0083051827071560572 0.0083051827071560572 0.0041787082803300913 0.0 
0.0 0.0 0.0 0.0 0.0 0.0 0.0 0.0 0.0 0.0 0.0 0.0 0.0 0.0 0.0 0.0 0.0 0.0 0.0 0.0 0.0 0.0 0.0 0.0 0.0 0.0 0.0 0.0 0.0 0.0 0.0 0.0 0.0 0.0 0.0 0.0 0.0 0.0 0.0 0.0 0.0 0.0 0.0 0.0 0.0041787082803300913 0.0041787082803300913 0.0041787082803300913 0.0041787082803300913 0.0041787082803300913 0.0 
0.0 0.0 0.0 0.0 0.0 0.0 0.0 0.0 0.0 0.0 0.0 0.0 0.0 0.0 0.0 0.0 0.0 0.0 0.0 0.0 0.0 0.0 0.0 0.0 0.0 0.0 0.0 0.0 0.0 0.0 0.0 0.0 0.0 0.0 0.0 0.0 0.0 0.0 0.0 0.0 0.0 0.0 0.0 0.0 0.0 0.0 0.0 0.0 0.0 0.0 
